SUBJECT ID	CONDITION	BLOCK	TRIAL NUM	CUMULATIVE TRIAL NUM	STIM	PARTNER RACE	SHARED	RECEIVED	RT	START TIME
005	1	1	01	01	other_sid1134_sk00000.png	2	3	0	6.236525	3698.100528
005	1	1	02	02	black_sid1010_sk11111.png	1	4	8	2.895694	3704.481378
005	1	1	03	03	other_sid1024_sk11000.png	2	4	0	2.704343	3707.497040
005	1	1	04	04	white_sid1020_sk11100.png	0	4	0	5.488660	3710.312768
005	1	1	05	05	black_sid1109_sk00000.png	1	4	0	3.561987	3715.910921
005	1	1	06	06	black_sid1009_sk11111.png	1	4	8	0.960000	3719.592880
005	1	1	07	07	black_sid1029_sk11000.png	1	3	0	5.284808	3720.675872
005	1	1	08	08	black_sid1186_sk11111.png	1	4	8	1.766761	3726.074007
005	1	1	09	09	white_sid1097_sk11100.png	0	3	6	6.324397	3727.956719
005	1	1	10	10	white_sid1037_sk11110.png	0	2	4	2.516471	3734.404479
005	1	1	11	11	black_sid1122_sk11110.png	1	4	8	2.155739	3737.036926
005	1	1	12	12	white_sid1075_sk00000.png	0	4	0	3.529713	3739.302834
005	1	1	13	13	other_sid1044_sk11110.png	2	4	8	1.240921	3742.951594
005	1	1	14	14	other_sid1150_sk11100.png	2	4	0	0.819426	3744.301118
005	1	1	15	15	white_sid1051_sk10000.png	0	4	0	0.726846	3745.234169
005	1	1	16	16	other_sid1047_sk01101.png	2	3	6	4.308520	3746.083847
005	1	1	17	17	black_sid1201_sk11110.png	1	4	8	1.205295	3750.499184
005	1	1	18	18	other_sid1104_sk00000.png	2	4	0	1.713159	3751.815243
005	1	1	19	19	black_sid1107_sk11000.png	1	4	0	1.800436	3753.647951
005	1	1	20	20	black_sid1088_sk11111.png	1	4	8	0.940544	3755.563951
005	1	1	21	21	white_sid1190_sk11000.png	0	3	0	3.546753	3756.613566
005	1	1	22	22	black_sid1129_sk11100.png	1	4	0	1.609290	3760.279009
005	1	1	23	23	white_sid1112_sk00000.png	0	4	0	0.981207	3761.995087
005	1	1	24	24	white_sid1110_sk11100.png	0	4	0	1.809654	3763.094713
005	1	1	25	25	white_sid1054_sk00000.png	0	2	0	4.093724	3765.010711
005	1	1	26	26	black_sid1002_sk00000.png	1	4	0	2.462332	3769.225941
005	1	1	27	27	white_sid1016_sk11000.png	0	3	0	5.111844	3771.808396
005	1	1	28	28	black_sid1076_sk11100.png	1	3	6	2.872302	3777.039931
005	1	1	29	29	white_sid1065_sk00000.png	0	4	0	2.369836	3780.022246
005	1	1	30	30	other_sid1116_sk11110.png	2	4	8	2.087355	3782.504743
005	1	1	31	31	black_sid1137_sk00000.png	1	4	0	0.751923	3784.704004
005	1	1	32	32	white_sid1030_sk11100.png	0	3	6	2.589646	3785.570376
005	1	1	33	33	white_sid1118_sk11111.png	0	4	8	2.899003	3788.269454
005	1	1	34	34	black_sid1173_sk11110.png	1	4	8	0.834776	3791.285078
005	1	1	35	35	black_sid1026_sk11110.png	1	3	6	7.445050	3792.234769
005	1	1	36	36	black_sid1103_sk11100.png	1	4	0	2.881461	3799.798827
005	1	1	37	37	black_sid1071_sk10000.png	1	4	0	0.914015	3802.797808
005	1	1	38	38	white_sid1003_sk11110.png	0	4	8	2.753447	3803.830794
005	1	2	01	39	black_sid1015_sk11000.png	1	4	0	6.255462	3812.728128
005	1	2	02	40	white_sid1006_sk00000.png	0	3	0	4.027427	3819.092228
005	1	2	03	41	black_sid1101_sk11000.png	1	4	0	1.134768	3823.240827
005	1	2	04	42	black_sid1108_sk11100.png	1	4	0	0.901083	3824.490417
005	1	2	05	43	other_sid1057_sk10000.png	2	4	0	2.500775	3825.506695
005	1	2	06	44	other_sid1166_sk01110.png	2	4	8	0.741062	3828.122484
005	1	2	07	45	black_sid1102_sk11100.png	1	4	0	1.587257	3828.972205
005	1	2	08	46	white_sid1031_sk11110.png	0	4	8	2.720219	3830.671633
005	1	2	09	47	other_sid1034_sk11110.png	2	4	8	0.903416	3833.503987
005	1	2	10	48	white_sid1171_sk11000.png	0	3	0	3.455087	3834.520318
005	1	2	11	49	white_sid1176_sk11100.png	0	3	6	2.105594	3838.085747
005	1	2	12	50	other_sid1025_sk01100.png	2	4	0	1.426196	3840.301659
005	1	2	13	51	white_sid1168_sk11111.png	0	4	8	4.212643	3841.834471
005	1	2	14	52	white_sid1180_sk11110.png	0	4	8	4.192849	3846.166337
005	1	2	15	53	other_sid1130_sk00000.png	2	4	0	0.877731	3850.481519
005	1	2	16	54	white_sid1042_sk01111.png	0	4	8	1.853965	3851.481195
005	1	2	17	55	white_sid1021_sk11111.png	0	3	6	2.015939	3853.447190
005	1	2	18	56	black_sid1126_sk11110.png	1	4	8	0.827364	3855.579805
005	1	2	19	57	other_sid1145_sk11111.png	2	4	8	1.413572	3856.529466
005	1	2	20	58	black_sid1050_sk00000.png	1	3	0	2.377386	3858.062279
005	1	2	21	59	black_sid1172_sk11111.png	1	4	8	1.005586	3860.561427
005	1	2	22	60	other_sid1167_sk11100.png	2	4	0	0.906084	3861.677713
005	1	2	23	61	other_sid1061_sk11000.png	2	4	0	1.152934	3862.694011
005	1	2	24	62	white_sid1120_sk00001.png	0	4	0	0.870818	3863.960234
005	1	2	25	63	other_sid1090_sk11010.png	2	3	0	4.023658	3864.943251
005	1	2	26	64	white_sid1198_sk11110.png	0	4	8	1.755790	3869.075185
005	1	2	27	65	white_sid1175_sk11100.png	0	3	6	1.265654	3870.941217
005	1	2	28	66	black_sid1035_sk11100.png	1	3	6	1.026904	3872.324076
005	1	2	29	67	other_sid1074_sk11110.png	2	3	6	2.125231	3873.473657
005	1	2	30	68	black_sid1073_sk11000.png	1	4	0	1.044536	3875.706257
005	1	2	31	69	white_sid1189_sk11100.png	0	3	6	2.862329	3876.872509
005	1	2	32	70	white_sid1039_sk11100.png	0	4	0	1.528006	3879.854843
005	1	2	33	71	other_sid1094_sk00000.png	2	4	0	1.502503	3881.504279
005	1	2	34	72	black_sid1179_sk11110.png	1	4	8	1.647026	3883.120368
005	1	2	35	73	other_sid1045_sk11000.png	2	4	0	1.328203	3884.886454
005	1	2	36	74	white_sid1185_sk00000.png	0	3	0	2.510746	3886.335954
005	1	2	37	75	other_sid1022_sk11111.png	2	3	6	3.126328	3888.968362
005	1	2	38	76	black_sid1184_sk00000.png	1	3	0	5.189986	3892.200586
