SUBJECT ID	CONDITION	BLOCK	TRIAL NUM	CUMULATIVE TRIAL NUM	STIM	PARTNER RACE	SHARED	RECEIVED	RT	START TIME
008	2	1	01	01	black_sid1002_sk00000.png	1	0	0	4.812095	6807.155650
008	2	1	02	02	white_sid1097_sk11100.png	0	0	0	3.048544	6812.086917
008	2	1	03	03	black_sid1029_sk11000.png	1	2	4	11.634804	6815.252506
008	2	1	04	04	other_sid1090_sk11010.png	2	0	0	4.912703	6826.998368
008	2	1	05	05	white_sid1020_sk11100.png	0	0	0	1.185027	6832.030076
008	2	1	06	06	other_sid1057_sk10000.png	2	0	0	1.124975	6833.346156
008	2	1	07	07	white_sid1189_sk11100.png	0	3	6	3.260028	6834.579024
008	2	1	08	08	white_sid1112_sk00000.png	0	2	0	4.821812	6837.961195
008	2	1	09	09	black_sid1179_sk11110.png	1	4	8	4.474094	6842.892796
008	2	1	10	10	black_sid1107_sk11000.png	1	1	2	3.212125	6847.474508
008	2	1	11	11	white_sid1030_sk11100.png	0	0	0	5.631855	6850.806664
008	2	1	12	12	black_sid1184_sk00000.png	1	0	0	5.459815	6856.554660
008	2	1	13	13	black_sid1009_sk11111.png	1	2	4	5.990303	6862.136027
008	2	1	14	14	black_sid1050_sk00000.png	1	2	0	2.580372	6868.233896
008	2	1	15	15	black_sid1076_sk11100.png	1	0	0	1.617273	6870.932973
008	2	1	16	16	white_sid1016_sk11000.png	0	0	0	5.036463	6872.665668
008	2	1	17	17	white_sid1168_sk11111.png	0	2	4	3.272228	6877.813860
008	2	1	18	18	other_sid1167_sk11100.png	2	3	6	2.417887	6881.196026
008	2	1	19	19	white_sid1190_sk11000.png	0	0	0	1.197516	6883.728457
008	2	1	20	20	black_sid1101_sk11000.png	1	4	0	3.681243	6885.044679
008	2	1	21	21	black_sid1119_sk10000.png	1	0	0	6.546370	6888.843334
008	2	1	22	22	white_sid1031_sk11110.png	0	0	0	3.321918	6895.507698
008	2	1	23	23	black_sid1026_sk11110.png	1	2	4	7.042014	6898.939777
008	2	1	24	24	white_sid1171_sk11000.png	0	0	0	1.301507	6906.103952
008	2	1	25	25	other_sid1130_sk00000.png	2	0	0	2.797263	6907.520130
008	2	1	26	26	white_sid1198_sk11110.png	0	0	0	3.457521	6910.435766
008	2	1	27	27	black_sid1137_sk00000.png	1	5	0	9.571312	6914.017820
008	2	1	28	28	other_sid1134_sk00000.png	2	0	0	3.043363	6923.697747
008	2	1	29	29	other_sid1150_sk11100.png	2	0	0	1.334287	6926.846687
008	2	1	30	30	white_sid1176_sk11100.png	0	0	0	1.084785	6928.296148
008	2	1	31	31	black_sid1071_sk10000.png	1	3	0	2.149250	6929.495724
008	2	1	32	32	white_sid1037_sk11110.png	0	0	0	1.363235	6931.761617
008	2	1	33	33	white_sid1054_sk00000.png	0	0	0	1.504498	6933.244407
008	2	1	34	34	black_sid1122_sk11110.png	1	3	6	5.360217	6934.860507
008	2	1	35	35	white_sid1180_sk11110.png	0	0	0	0.806696	6940.341950
008	2	1	36	36	white_sid1051_sk10000.png	0	1	2	4.450319	6941.258309
008	2	1	37	37	black_sid1108_sk11100.png	1	0	0	3.285142	6945.823352
008	2	1	38	38	black_sid1035_sk11100.png	1	0	0	3.358317	6949.222135
008	2	2	01	39	black_sid1200_sk10101.png	1	3	6	3.917067	6958.719222
008	2	2	02	40	other_sid1166_sk01110.png	2	0	0	1.701493	6962.750746
008	2	2	03	41	white_sid1120_sk00001.png	0	1	0	2.509453	6964.566752
008	2	2	04	42	black_sid1049_sk11100.png	1	0	0	3.453479	6967.182511
008	2	2	05	43	other_sid1047_sk01101.png	2	0	0	1.728086	6970.747940
008	2	2	06	44	black_sid1103_sk11100.png	1	2	4	2.934611	6972.597273
008	2	2	07	45	white_sid1185_sk00000.png	0	0	0	0.789866	6975.646218
008	2	2	08	46	black_sid1172_sk11111.png	1	0	0	4.585980	6976.545881
008	2	2	09	47	white_sid1003_sk11110.png	0	3	6	3.663449	6981.244243
008	2	2	10	48	other_sid1074_sk11110.png	2	0	0	2.561434	6985.026264
008	2	2	11	49	other_sid1034_sk11110.png	2	2	4	2.927029	6987.708640
008	2	2	12	50	other_sid1024_sk11000.png	2	0	0	0.846077	6990.757579
008	2	2	13	51	white_sid1006_sk00000.png	0	0	0	1.007791	6991.723892
008	2	2	14	52	black_sid1109_sk00000.png	1	0	0	0.963452	6992.840152
008	2	2	15	53	other_sid1044_sk11110.png	2	0	0	2.816351	6993.923129
008	2	2	16	54	other_sid1104_sk00000.png	2	2	0	3.068095	6996.855411
008	2	2	17	55	other_sid1145_sk11111.png	2	0	0	1.261815	7000.037664
008	2	2	18	56	white_sid1118_sk11111.png	0	0	0	1.326942	7001.420482
008	2	2	19	57	black_sid1088_sk11111.png	1	3	6	7.077965	7002.853319
008	2	2	20	58	other_sid1022_sk11111.png	2	0	0	1.248349	7010.050784
008	2	2	21	59	white_sid1075_sk00000.png	0	2	0	3.034135	7011.417008
008	2	2	22	60	white_sid1042_sk01111.png	0	3	6	2.653216	7014.565867
008	2	2	23	61	white_sid1021_sk11111.png	0	0	0	1.031515	7017.331571
008	2	2	24	62	white_sid1175_sk11100.png	0	0	0	2.905914	7018.481165
008	2	2	25	63	black_sid1015_sk11000.png	1	0	0	1.514200	7021.496781
008	2	2	26	64	white_sid1065_sk00000.png	0	4	0	2.881296	7023.129544
008	2	2	27	65	black_sid1073_sk11000.png	1	0	0	3.290309	7026.128499
008	2	2	28	66	other_sid1045_sk11000.png	2	0	0	2.555419	7029.527348
008	2	2	29	67	other_sid1116_sk11110.png	2	0	0	0.761659	7032.193029
008	2	2	30	68	white_sid1039_sk11100.png	0	2	4	2.982646	7033.076051
008	2	2	31	69	other_sid1061_sk11000.png	2	0	0	0.867635	7036.174976
008	2	2	32	70	black_sid1010_sk11111.png	1	3	6	3.540916	7037.157952
008	2	2	33	71	black_sid1173_sk11110.png	1	0	0	1.427761	7040.806687
008	2	2	34	72	white_sid1110_sk11100.png	0	2	4	2.302369	7042.356152
008	2	2	35	73	other_sid1094_sk00000.png	2	0	0	0.742523	7044.771939
008	2	2	36	74	other_sid1025_sk01100.png	2	3	6	3.980676	7045.621650
008	2	2	37	75	black_sid1102_sk11100.png	1	5	0	5.697960	7049.720200
008	2	2	38	76	black_sid1186_sk11111.png	1	4	8	6.435269	7055.534848
