SUBJECT ID	CONDITION	BLOCK	TRIAL NUM	CUMULATIVE TRIAL NUM	STIM	PARTNER RACE	SHARED	RECEIVED	RT	START TIME
056	2	1	01	01	white_sid1112_sk00000.png	0	2	0	4.544099	9324.227624
056	2	1	02	02	black_sid1071_sk10000.png	1	2	0	2.552105	9328.892310
056	2	1	03	03	other_sid1150_sk11100.png	2	1	2	1.309643	9331.558066
056	2	1	04	04	other_sid1074_sk11110.png	2	0	0	1.404741	9332.990896
056	2	1	05	05	white_sid1051_sk10000.png	0	1	2	1.632503	9334.507168
056	2	1	06	06	other_sid1134_sk00000.png	2	0	0	1.003259	9336.256427
056	2	1	07	07	white_sid1190_sk11000.png	0	0	0	1.910767	9337.372734
056	2	1	08	08	white_sid1039_sk11100.png	0	0	0	1.342174	9339.405340
056	2	1	09	09	black_sid1101_sk11000.png	1	2	4	1.796691	9340.854847
056	2	1	10	10	white_sid1180_sk11110.png	0	2	4	1.856630	9342.770894
056	2	1	11	11	other_sid1024_sk11000.png	2	2	4	1.594554	9344.736850
056	2	1	12	12	other_sid1145_sk11111.png	2	1	2	3.438457	9346.452948
056	2	1	13	13	other_sid1166_sk01110.png	2	3	6	1.593673	9350.001748
056	2	1	14	14	white_sid1120_sk00001.png	0	1	0	2.469530	9351.717833
056	2	1	15	15	black_sid1102_sk11100.png	1	3	6	2.119013	9354.300285
056	2	1	16	16	other_sid1022_sk11111.png	2	3	6	2.246410	9356.532810
056	2	1	17	17	white_sid1175_sk11100.png	0	1	2	1.976616	9358.898680
056	2	1	18	18	white_sid1185_sk00000.png	0	0	0	1.525839	9360.981304
056	2	1	19	19	black_sid1119_sk10000.png	1	2	0	1.149206	9362.614061
056	2	1	20	20	black_sid1173_sk11110.png	1	2	4	3.547518	9363.880313
056	2	1	21	21	white_sid1042_sk01111.png	0	1	0	2.265419	9367.545727
056	2	1	22	22	black_sid1010_sk11111.png	1	1	2	1.698967	9369.928234
056	2	1	23	23	white_sid1118_sk11111.png	0	2	4	1.834834	9371.744312
056	2	1	24	24	other_sid1090_sk11010.png	2	1	2	1.181448	9373.693645
056	2	1	25	25	black_sid1122_sk11110.png	1	2	4	6.417795	9374.993214
056	2	1	26	26	black_sid1015_sk11000.png	1	3	0	4.590724	9381.524320
056	2	1	27	27	other_sid1104_sk00000.png	2	4	0	1.148321	9386.222684
056	2	1	28	28	white_sid1006_sk00000.png	0	0	0	2.226024	9387.488919
056	2	1	29	29	other_sid1034_sk11110.png	2	1	2	1.445466	9389.821457
056	2	1	30	30	other_sid1167_sk11100.png	2	2	4	2.159297	9391.387590
056	2	1	31	31	black_sid1184_sk00000.png	1	3	0	2.341318	9393.653498
056	2	1	32	32	white_sid1171_sk11000.png	0	2	4	1.924189	9396.102656
056	2	1	33	33	white_sid1075_sk00000.png	0	1	0	2.195549	9398.135285
056	2	1	34	34	other_sid1061_sk11000.png	2	2	4	1.687551	9400.451190
056	2	1	35	35	black_sid1126_sk11110.png	1	4	8	1.600177	9402.250573
056	2	1	36	36	black_sid1073_sk11000.png	1	4	0	1.315945	9403.966711
056	2	1	37	37	black_sid1049_sk11100.png	1	2	4	2.707212	9405.399467
056	2	1	38	38	black_sid1109_sk00000.png	1	3	0	1.683486	9408.215156
056	2	2	01	39	black_sid1172_sk11111.png	1	3	6	3.388282	9416.046253
056	2	2	02	40	black_sid1107_sk11000.png	1	1	2	1.441934	9419.544651
056	2	2	03	41	white_sid1110_sk11100.png	0	1	2	1.564327	9421.094137
056	2	2	04	42	other_sid1130_sk00000.png	2	3	0	1.793542	9422.776897
056	2	2	05	43	black_sid1137_sk00000.png	1	4	0	1.549606	9424.692892
056	2	2	06	44	other_sid1044_sk11110.png	2	2	4	1.571570	9426.358960
056	2	2	07	45	white_sid1003_sk11110.png	0	2	4	1.472666	9428.041739
056	2	2	08	46	white_sid1054_sk00000.png	0	0	0	1.425860	9429.624523
056	2	2	09	47	black_sid1026_sk11110.png	1	1	2	1.573017	9431.157333
056	2	2	10	48	black_sid1088_sk11111.png	1	2	4	2.082241	9432.840077
056	2	2	11	49	white_sid1031_sk11110.png	0	0	0	1.426924	9435.039382
056	2	2	12	50	other_sid1116_sk11110.png	2	3	6	2.526125	9436.572178
056	2	2	13	51	black_sid1076_sk11100.png	1	1	2	1.285021	9439.221288
056	2	2	14	52	black_sid1179_sk11110.png	1	4	8	1.717459	9440.620804
056	2	2	15	53	white_sid1097_sk11100.png	0	2	4	2.020698	9442.453498
056	2	2	16	54	black_sid1129_sk11100.png	1	4	0	7.967980	9444.586116
056	2	2	17	55	other_sid1047_sk01101.png	2	1	0	1.799446	9452.666657
056	2	2	18	56	other_sid1094_sk00000.png	2	0	0	1.331389	9454.582677
056	2	2	19	57	black_sid1029_sk11000.png	1	3	0	2.113878	9456.032193
056	2	2	20	58	other_sid1045_sk11000.png	2	5	0	3.513198	9458.264777
056	2	2	21	59	white_sid1168_sk11111.png	0	2	4	2.697100	9461.896870
056	2	2	22	60	black_sid1035_sk11100.png	1	0	0	1.585437	9464.712528
056	2	2	23	61	white_sid1176_sk11100.png	0	0	0	1.445884	9466.411966
056	2	2	24	62	white_sid1016_sk11000.png	0	0	0	2.087749	9467.978097
056	2	2	25	63	black_sid1186_sk11111.png	1	2	4	1.728537	9470.177378
056	2	2	26	64	white_sid1021_sk11111.png	0	0	0	1.495115	9472.026746
056	2	2	27	65	black_sid1200_sk10101.png	1	2	0	1.791039	9473.642844
056	2	2	28	66	white_sid1030_sk11100.png	0	0	0	2.131600	9475.542208
056	2	2	29	67	black_sid1201_sk11110.png	1	3	6	4.210292	9477.791442
056	2	2	30	68	white_sid1189_sk11100.png	0	3	6	1.902490	9482.123248
056	2	2	31	69	white_sid1065_sk00000.png	0	3	0	2.030406	9484.139233
056	2	2	32	70	other_sid1025_sk01100.png	2	1	0	2.465074	9486.288494
056	2	2	33	71	white_sid1020_sk11100.png	0	1	2	1.498639	9488.870988
056	2	2	34	72	white_sid1198_sk11110.png	0	0	0	1.338537	9490.487075
056	2	2	35	73	black_sid1050_sk00000.png	1	0	0	1.465028	9491.936610
056	2	2	36	74	white_sid1037_sk11110.png	0	0	0	1.074160	9493.519402
056	2	2	37	75	other_sid1057_sk10000.png	2	2	0	1.867216	9494.702330
056	2	2	38	76	black_sid1002_sk00000.png	1	3	0	2.220540	9496.684975
