SUBJECT ID	CONDITION	BLOCK	TRIAL NUM	CUMULATIVE TRIAL NUM	STIM	PARTNER RACE	SHARED	RECEIVED	RT	START TIME
002	1	1	01	01	other_sid1057_sk10000.png	2	1	2	6.296348	4616.389424
002	1	1	02	02	white_sid1039_sk11100.png	0	0	0	6.743211	4623.086553
002	1	1	03	03	white_sid1110_sk11100.png	0	0	0	6.989964	4629.950780
002	1	1	04	04	other_sid1130_sk00000.png	2	1	0	5.347884	4637.064882
002	1	1	05	05	white_sid1042_sk01111.png	0	0	0	4.042648	4642.529980
002	1	1	06	06	white_sid1016_sk11000.png	0	1	2	7.109507	4646.694770
002	1	1	07	07	other_sid1116_sk11110.png	2	2	4	7.398639	4653.925533
002	1	1	08	08	other_sid1045_sk11000.png	2	0	0	9.148247	4661.439507
002	1	1	09	09	white_sid1118_sk11111.png	0	1	2	6.436836	4670.702878
002	1	1	10	10	white_sid1185_sk00000.png	0	2	0	4.249119	4677.250538
002	1	1	11	11	black_sid1009_sk11111.png	1	2	4	4.355736	4681.615643
002	1	1	12	12	white_sid1190_sk11000.png	0	0	0	6.426549	4686.080714
002	1	1	13	13	white_sid1021_sk11111.png	0	0	0	6.654720	4692.628364
002	1	1	14	14	black_sid1108_sk11100.png	1	4	0	2.698284	4699.392626
002	1	1	15	15	black_sid1119_sk10000.png	1	1	2	6.586500	4702.208288
002	1	1	16	16	white_sid1175_sk11100.png	0	2	4	1.432812	4708.905880
002	1	1	17	17	white_sid1168_sk11111.png	0	0	0	3.067179	4710.455338
002	1	1	18	18	white_sid1075_sk00000.png	0	0	0	1.868887	4713.637719
002	1	1	19	19	black_sid1107_sk11000.png	1	2	4	1.310417	4715.620152
002	1	1	20	20	other_sid1150_sk11100.png	2	0	0	2.789367	4717.053003
002	1	1	21	21	white_sid1097_sk11100.png	0	0	0	2.026460	4719.951936
002	1	1	22	22	black_sid1101_sk11000.png	1	2	4	5.245799	4722.084531
002	1	1	23	23	other_sid1022_sk11111.png	2	0	0	6.624832	4727.449257
002	1	1	24	24	black_sid1186_sk11111.png	1	0	0	2.501653	4734.180209
002	1	1	25	25	black_sid1179_sk11110.png	1	4	8	3.581983	4736.795929
002	1	1	26	26	other_sid1074_sk11110.png	2	0	0	1.971255	4740.494596
002	1	1	27	27	other_sid1025_sk01100.png	2	2	4	1.584633	4742.577198
002	1	1	28	28	black_sid1184_sk00000.png	1	3	0	1.557205	4744.276561
002	1	1	29	29	black_sid1071_sk10000.png	1	2	0	1.683075	4745.942646
002	1	1	30	30	black_sid1109_sk00000.png	1	0	0	3.091585	4747.742017
002	1	1	31	31	other_sid1094_sk00000.png	2	0	0	2.956629	4750.940856
002	1	1	32	32	black_sid1029_sk11000.png	1	0	0	5.274884	4754.006445
002	1	1	33	33	white_sid1031_sk11110.png	0	2	4	3.941382	4759.387861
002	1	1	34	34	white_sid1006_sk00000.png	0	2	0	1.668746	4763.436415
002	1	1	35	35	other_sid1024_sk11000.png	2	3	0	1.942208	4765.219109
002	1	1	36	36	white_sid1112_sk00000.png	0	0	0	3.708662	4767.268362
002	1	1	37	37	white_sid1003_sk11110.png	0	0	0	2.517237	4771.083677
002	1	1	38	38	white_sid1065_sk00000.png	0	4	0	4.148703	4773.716073
002	1	2	01	39	other_sid1166_sk01110.png	2	2	4	4.603777	4784.012752
002	1	2	02	40	black_sid1076_sk11100.png	1	1	2	2.884323	4788.843984
002	1	2	03	41	white_sid1020_sk11100.png	0	3	6	2.637721	4791.842917
002	1	2	04	42	black_sid1015_sk11000.png	1	4	0	1.776384	4794.591947
002	1	2	05	43	black_sid1200_sk10101.png	1	3	6	1.981726	4796.474606
002	1	2	06	44	other_sid1047_sk01101.png	2	0	0	2.674373	4798.573851
002	1	2	07	45	black_sid1026_sk11110.png	1	4	8	2.580230	4801.356181
002	1	2	08	46	black_sid1201_sk11110.png	1	3	6	3.728754	4804.055235
002	1	2	09	47	black_sid1129_sk11100.png	1	3	6	2.056103	4807.903848
002	1	2	10	48	black_sid1103_sk11100.png	1	1	2	2.362791	4810.069750
002	1	2	11	49	other_sid1044_sk11110.png	2	0	0	2.783493	4812.552186
002	1	2	12	50	other_sid1061_sk11000.png	2	3	0	3.484409	4815.451139
002	1	2	13	51	black_sid1010_sk11111.png	1	4	8	1.333708	4819.049870
002	1	2	14	52	white_sid1180_sk11110.png	0	2	4	5.284002	4820.499356
002	1	2	15	53	black_sid1050_sk00000.png	1	2	0	1.557914	4825.897427
002	1	2	16	54	black_sid1122_sk11110.png	1	3	6	3.803800	4827.563477
002	1	2	17	55	white_sid1037_sk11110.png	0	0	0	2.208489	4831.478771
002	1	2	18	56	other_sid1034_sk11110.png	2	4	8	3.236611	4833.794607
002	1	2	19	57	black_sid1088_sk11111.png	1	5	10	1.487721	4837.143403
002	1	2	20	58	other_sid1145_sk11111.png	2	2	4	2.728128	4838.742841
002	1	2	21	59	black_sid1173_sk11110.png	1	2	4	2.087132	4841.591822
002	1	2	22	60	white_sid1051_sk10000.png	0	0	0	2.287844	4843.791025
002	1	2	23	61	other_sid1167_sk11100.png	2	2	4	2.760566	4846.190178
002	1	2	24	62	white_sid1120_sk00001.png	0	1	0	3.574248	4849.072490
002	1	2	25	63	black_sid1126_sk11110.png	1	3	6	2.612138	4852.754503
002	1	2	26	64	other_sid1090_sk11010.png	2	2	4	1.871628	4855.486849
002	1	2	27	65	white_sid1171_sk11000.png	0	0	0	2.456885	4857.469487
002	1	2	28	66	black_sid1102_sk11100.png	1	2	4	3.619069	4860.035233
002	1	2	29	67	white_sid1030_sk11100.png	0	4	0	4.815048	4863.767236
002	1	2	30	68	other_sid1134_sk00000.png	2	2	0	1.739419	4868.698805
002	1	2	31	69	black_sid1002_sk00000.png	1	2	0	1.930400	4870.548127
002	1	2	32	70	white_sid1054_sk00000.png	0	0	0	1.904725	4872.597386
002	1	2	33	71	white_sid1198_sk11110.png	0	3	6	1.584991	4874.613347
002	1	2	34	72	white_sid1189_sk11100.png	0	5	0	1.917258	4876.312753
002	1	2	35	73	black_sid1049_sk11100.png	1	2	4	5.876487	4878.345328
002	1	2	36	74	black_sid1073_sk11000.png	1	3	0	3.798549	4884.343198
002	1	2	37	75	other_sid1104_sk00000.png	2	2	0	2.299374	4888.258494
002	1	2	38	76	white_sid1176_sk11100.png	0	4	0	2.915308	4890.674291
