SUBJECT ID	CONDITION	BLOCK	TRIAL NUM	CUMULATIVE TRIAL NUM	STIM	PARTNER RACE	SHARED	RECEIVED	RT	START TIME
046	1	1	01	01	black_sid1172_sk11111.png	1	1	2	3.935439	23052.956640
046	1	1	02	02	black_sid1201_sk11110.png	1	1	2	1.894765	23057.004880
046	1	1	03	03	white_sid1198_sk11110.png	0	2	4	2.758532	23059.020848
046	1	1	04	04	black_sid1101_sk11000.png	1	0	0	1.557342	23061.886530
046	1	1	05	05	black_sid1109_sk00000.png	1	0	0	1.250739	23063.552651
046	1	1	06	06	black_sid1102_sk11100.png	1	1	2	1.876587	23064.918831
046	1	1	07	07	white_sid1051_sk10000.png	0	1	2	1.558088	23066.901499
046	1	1	08	08	white_sid1168_sk11111.png	0	1	2	1.516131	23068.567589
046	1	1	09	09	black_sid1173_sk11110.png	1	1	2	1.955513	23070.200365
046	1	1	10	10	black_sid1103_sk11100.png	1	1	2	1.753589	23072.266326
046	1	1	11	11	black_sid1076_sk11100.png	1	0	0	2.382887	23074.132360
046	1	1	12	12	black_sid1035_sk11100.png	1	4	0	2.380276	23076.631479
046	1	1	13	13	black_sid1179_sk11110.png	1	3	6	2.768800	23079.130649
046	1	1	14	14	black_sid1186_sk11111.png	1	1	2	1.246263	23082.012998
046	1	1	15	15	white_sid1171_sk11000.png	0	1	2	1.672075	23083.379189
046	1	1	16	16	black_sid1107_sk11000.png	1	0	0	1.441331	23085.161923
046	1	1	17	17	other_sid1130_sk00000.png	2	0	0	3.396225	23086.711407
046	1	1	18	18	other_sid1025_sk01100.png	2	0	0	1.320255	23090.226873
046	1	1	19	19	white_sid1189_sk11100.png	0	0	0	1.607494	23091.659699
046	1	1	20	20	black_sid1009_sk11111.png	1	2	4	1.475832	23093.375775
046	1	1	21	21	other_sid1104_sk00000.png	2	1	0	1.492367	23094.958576
046	1	1	22	22	other_sid1047_sk01101.png	2	0	0	1.253480	23096.558044
046	1	1	23	23	black_sid1129_sk11100.png	1	0	0	0.999419	23097.924244
046	1	1	24	24	other_sid1045_sk11000.png	2	0	0	0.946907	23099.040500
046	1	1	25	25	other_sid1074_sk11110.png	2	0	0	1.080142	23100.106830
046	1	1	26	26	white_sid1042_sk01111.png	0	2	4	1.161122	23101.306381
046	1	1	27	27	white_sid1075_sk00000.png	0	0	0	1.830136	23102.589297
046	1	1	28	28	black_sid1026_sk11110.png	1	0	0	2.040291	23104.538638
046	1	1	29	29	other_sid1044_sk11110.png	2	0	0	1.010979	23106.687903
046	1	1	30	30	white_sid1185_sk00000.png	0	0	0	1.694198	23107.820857
046	1	1	31	31	other_sid1167_sk11100.png	2	0	0	1.069893	23109.636896
046	1	1	32	32	white_sid1016_sk11000.png	0	2	4	1.351068	23110.819828
046	1	1	33	33	white_sid1120_sk00001.png	0	0	0	1.908866	23112.286006
046	1	1	34	34	other_sid1116_sk11110.png	2	1	2	0.948906	23114.301966
046	1	1	35	35	other_sid1024_sk11000.png	2	0	0	1.250503	23115.368326
046	1	1	36	36	other_sid1145_sk11111.png	2	0	0	1.180382	23116.734456
046	1	1	37	37	white_sid1065_sk00000.png	0	2	0	1.489296	23118.034038
046	1	1	38	38	other_sid1134_sk00000.png	2	1	0	0.957261	23119.733446
046	1	2	01	39	black_sid1137_sk00000.png	1	1	0	1.235176	23126.831390
046	1	2	02	40	white_sid1175_sk11100.png	0	1	2	1.013987	23128.180642
046	1	2	03	41	black_sid1200_sk10101.png	1	1	2	1.577023	23129.313507
046	1	2	04	42	black_sid1088_sk11111.png	1	1	2	1.366107	23131.012929
046	1	2	05	43	white_sid1030_sk11100.png	0	2	4	1.834159	23132.512427
046	1	2	06	44	black_sid1126_sk11110.png	1	1	2	1.997350	23134.461762
046	1	2	07	45	black_sid1029_sk11000.png	1	1	2	1.417173	23136.577709
046	1	2	08	46	white_sid1176_sk11100.png	0	2	4	1.596047	23138.110501
046	1	2	09	47	white_sid1190_sk11000.png	0	2	4	1.800395	23139.826585
046	1	2	10	48	black_sid1119_sk10000.png	1	3	0	1.163996	23141.742616
046	1	2	11	49	white_sid1021_sk11111.png	0	3	6	1.921567	23143.025491
046	1	2	12	50	white_sid1112_sk00000.png	0	1	0	4.824148	23145.058129
046	1	2	13	51	black_sid1073_sk11000.png	1	0	0	1.157060	23149.989743
046	1	2	14	52	black_sid1010_sk11111.png	1	0	0	0.802916	23151.255998
046	1	2	15	53	other_sid1166_sk01110.png	2	1	0	1.222056	23152.172365
046	1	2	16	54	white_sid1097_sk11100.png	0	2	4	1.113601	23153.505262
046	1	2	17	55	black_sid1122_sk11110.png	1	1	2	1.520502	23154.738162
046	1	2	18	56	white_sid1006_sk00000.png	0	1	0	1.423360	23156.370955
046	1	2	19	57	black_sid1049_sk11100.png	1	0	0	1.514913	23157.903756
046	1	2	20	58	white_sid1110_sk11100.png	0	2	4	1.098273	23159.536520
046	1	2	21	59	other_sid1022_sk11111.png	2	0	0	1.489539	23160.752786
046	1	2	22	60	other_sid1090_sk11010.png	2	1	2	1.106117	23162.352202
046	1	2	23	61	other_sid1061_sk11000.png	2	0	0	1.169670	23163.568472
046	1	2	24	62	black_sid1050_sk00000.png	1	0	0	1.087421	23164.851366
046	1	2	25	63	white_sid1054_sk00000.png	0	0	0	0.983251	23166.050962
046	1	2	26	64	black_sid1184_sk00000.png	1	0	0	1.531576	23167.150568
046	1	2	27	65	other_sid1034_sk11110.png	2	0	0	0.922179	23168.800019
046	1	2	28	66	black_sid1015_sk11000.png	1	0	0	1.281633	23169.832995
046	1	2	29	67	white_sid1180_sk11110.png	0	2	4	1.337451	23171.232540
046	1	2	30	68	white_sid1031_sk11110.png	0	1	2	0.928037	23172.682044
046	1	2	31	69	white_sid1020_sk11100.png	0	0	0	1.422803	23173.731673
046	1	2	32	70	other_sid1150_sk11100.png	2	0	0	1.041607	23175.264479
046	1	2	33	71	other_sid1094_sk00000.png	2	0	0	0.867892	23176.414070
046	1	2	34	72	white_sid1003_sk11110.png	0	1	2	1.445412	23177.397069
046	1	2	35	73	white_sid1118_sk11111.png	0	0	0	1.047334	23178.963224
046	1	2	36	74	other_sid1057_sk10000.png	2	1	2	1.217008	23180.129485
046	1	2	37	75	white_sid1037_sk11110.png	0	1	2	0.731686	23181.462363
046	1	2	38	76	white_sid1039_sk11100.png	0	1	2	1.465778	23182.312091
