SUBJECT ID	CONDITION	BLOCK	TRIAL NUM	CUMULATIVE TRIAL NUM	STIM	PARTNER RACE	SHARED	RECEIVED	RT	START TIME
032	1	1	01	01	other_sid1057_sk10000.png	2	2	0	4.450860	3857.639892
032	1	1	02	02	black_sid1009_sk11111.png	1	3	6	5.605173	3862.221311
032	1	1	03	03	white_sid1003_sk11110.png	0	1	2	2.681910	3867.952604
032	1	1	04	04	other_sid1024_sk11000.png	2	4	0	3.818745	3870.751638
032	1	1	05	05	black_sid1108_sk11100.png	1	0	0	2.750775	3874.683655
032	1	1	06	06	white_sid1120_sk00001.png	0	2	0	2.252451	3877.565875
032	1	1	07	07	black_sid1015_sk11000.png	1	4	0	11.710298	3879.931724
032	1	1	08	08	white_sid1021_sk11111.png	0	1	2	7.600942	3891.760882
032	1	1	09	09	black_sid1200_sk10101.png	1	2	0	1.878914	3899.474862
032	1	1	10	10	black_sid1173_sk11110.png	1	4	8	3.967519	3901.474185
032	1	1	11	11	other_sid1034_sk11110.png	2	0	0	10.925379	3905.556077
032	1	1	12	12	other_sid1094_sk00000.png	2	2	0	3.783147	3916.602180
032	1	1	13	13	other_sid1130_sk00000.png	2	5	0	4.548428	3920.500835
032	1	1	14	14	white_sid1180_sk11110.png	0	2	4	5.019327	3925.165848
032	1	1	15	15	white_sid1112_sk00000.png	0	1	0	6.239616	3930.297394
032	1	1	16	16	white_sid1118_sk11111.png	0	4	8	4.131680	3936.645148
032	1	1	17	17	black_sid1126_sk11110.png	1	3	6	2.867193	3940.893644
032	1	1	18	18	black_sid1035_sk11100.png	1	2	4	2.900765	3943.875946
032	1	1	19	19	black_sid1101_sk11000.png	1	2	4	3.189126	3946.891580
032	1	1	20	20	black_sid1102_sk11100.png	1	4	0	13.738016	3950.190402
032	1	1	21	21	black_sid1088_sk11111.png	1	1	2	4.052783	3964.035525
032	1	1	22	22	other_sid1145_sk11111.png	2	3	6	2.679479	3968.200752
032	1	1	23	23	other_sid1104_sk00000.png	2	2	0	2.416353	3970.999760
032	1	1	24	24	white_sid1042_sk01111.png	0	5	10	3.187917	3973.532206
032	1	1	25	25	white_sid1185_sk00000.png	0	1	0	2.889003	3976.831041
032	1	1	26	26	black_sid1076_sk11100.png	1	2	4	1.610062	3979.829987
032	1	1	27	27	black_sid1184_sk00000.png	1	4	0	3.277868	3981.546046
032	1	1	28	28	other_sid1047_sk01101.png	2	3	6	3.798974	3984.944868
032	1	1	29	29	white_sid1054_sk00000.png	0	2	0	3.387628	3988.860168
032	1	1	30	30	black_sid1073_sk11000.png	1	5	0	4.872690	3992.358980
032	1	1	31	31	black_sid1107_sk11000.png	1	0	0	3.979112	3997.340494
032	1	1	32	32	black_sid1029_sk11000.png	1	1	2	1.840412	4001.439104
032	1	1	33	33	white_sid1171_sk11000.png	0	4	0	1.675034	4003.388399
032	1	1	34	34	white_sid1189_sk11100.png	0	5	0	2.004355	4005.171105
032	1	1	35	35	white_sid1175_sk11100.png	0	3	6	1.792385	4007.287016
032	1	1	36	36	black_sid1002_sk00000.png	1	2	0	1.588981	4009.186362
032	1	1	37	37	other_sid1045_sk11000.png	2	1	2	1.593557	4010.885767
032	1	1	38	38	black_sid1049_sk11100.png	1	5	0	2.061420	4012.601833
032	1	2	01	39	white_sid1110_sk11100.png	0	1	2	4.831000	4020.816028
032	1	2	02	40	black_sid1109_sk00000.png	1	4	0	2.459101	4025.763887
032	1	2	03	41	white_sid1006_sk00000.png	0	5	0	3.501235	4028.329636
032	1	2	04	42	black_sid1129_sk11100.png	1	2	4	1.733801	4031.945045
032	1	2	05	43	other_sid1074_sk11110.png	2	1	2	1.420304	4033.794403
032	1	2	06	44	black_sid1122_sk11110.png	1	3	6	1.327587	4035.327207
032	1	2	07	45	black_sid1201_sk11110.png	1	5	0	2.318094	4036.776680
032	1	2	08	46	other_sid1134_sk00000.png	2	4	0	1.581570	4039.209158
032	1	2	09	47	white_sid1190_sk11000.png	0	3	0	1.634101	4040.908577
032	1	2	10	48	black_sid1186_sk11111.png	1	5	10	6.308594	4042.657959
032	1	2	11	49	black_sid1050_sk00000.png	1	4	0	8.549314	4049.089029
032	1	2	12	50	white_sid1016_sk11000.png	0	2	4	2.333608	4057.752649
032	1	2	13	51	other_sid1116_sk11110.png	2	1	2	1.604445	4060.201798
032	1	2	14	52	black_sid1010_sk11111.png	1	5	10	4.360307	4061.917858
032	1	2	15	53	black_sid1103_sk11100.png	1	3	6	1.622499	4066.399626
032	1	2	16	54	other_sid1025_sk01100.png	2	1	0	3.329696	4068.132354
032	1	2	17	55	other_sid1150_sk11100.png	2	2	4	4.320830	4071.581127
032	1	2	18	56	white_sid1065_sk00000.png	0	5	0	4.824844	4076.012924
032	1	2	19	57	black_sid1119_sk10000.png	1	1	2	2.165286	4080.944512
032	1	2	20	58	white_sid1031_sk11110.png	0	3	6	2.498619	4083.227053
032	1	2	21	59	other_sid1022_sk11111.png	2	2	4	3.074930	4085.842793
032	1	2	22	60	white_sid1039_sk11100.png	0	4	0	5.972509	4089.025020
032	1	2	23	61	black_sid1172_sk11111.png	1	2	4	10.587565	4095.106226
032	1	2	24	62	other_sid1090_sk11010.png	2	1	2	2.018777	4105.802453
032	1	2	25	63	white_sid1198_sk11110.png	0	5	0	3.070136	4107.935051
032	1	2	26	64	white_sid1030_sk11100.png	0	2	4	1.919880	4111.117278
032	1	2	27	65	white_sid1020_sk11100.png	0	3	6	1.519222	4113.149895
032	1	2	28	66	other_sid1166_sk01110.png	2	4	8	3.486375	4114.782642
032	1	2	29	67	white_sid1075_sk00000.png	0	2	0	1.727578	4118.381408
032	1	2	30	68	white_sid1097_sk11100.png	0	3	6	3.174196	4120.230735
032	1	2	31	69	white_sid1037_sk11110.png	0	1	2	2.059920	4123.512907
032	1	2	32	70	other_sid1061_sk11000.png	2	5	0	6.253881	4125.678854
032	1	2	33	71	white_sid1051_sk10000.png	0	3	0	2.401395	4132.043254
032	1	2	34	72	white_sid1176_sk11100.png	0	2	4	1.525559	4134.559053
032	1	2	35	73	white_sid1168_sk11111.png	0	1	2	1.348809	4136.191814
032	1	2	36	74	other_sid1167_sk11100.png	2	4	0	3.098615	4137.657957
032	1	2	37	75	black_sid1137_sk00000.png	1	5	0	4.850928	4140.873487
032	1	2	38	76	other_sid1044_sk11110.png	2	1	2	3.557917	4145.838420
