SUBJECT ID	CONDITION	BLOCK	TRIAL NUM	CUMULATIVE TRIAL NUM	STIM	PARTNER RACE	SHARED	RECEIVED	RT	START TIME
055	2	1	01	01	black_sid1035_sk11100.png	1	2	4	6.035829	12063.583782
055	2	1	02	02	other_sid1034_sk11110.png	2	2	4	3.047469	12069.747953
055	2	1	03	03	white_sid1168_sk11111.png	0	2	4	1.529914	12072.913500
055	2	1	04	04	other_sid1024_sk11000.png	2	3	0	1.472435	12074.562938
055	2	1	05	05	white_sid1020_sk11100.png	0	2	4	2.361533	12076.145817
055	2	1	06	06	other_sid1094_sk00000.png	2	2	0	1.735079	12078.628204
055	2	1	07	07	other_sid1057_sk10000.png	2	2	0	1.421675	12080.477561
055	2	1	08	08	white_sid1112_sk00000.png	0	2	0	0.865270	12082.010386
055	2	1	09	09	white_sid1037_sk11110.png	0	2	4	0.873851	12082.993386
055	2	1	10	10	white_sid1039_sk11100.png	0	3	6	1.106820	12083.976380
055	2	1	11	11	white_sid1016_sk11000.png	0	2	4	0.850652	12085.192620
055	2	1	12	12	black_sid1103_sk11100.png	1	2	4	0.668185	12086.158973
055	2	1	13	13	white_sid1120_sk00001.png	0	2	0	0.789121	12086.942039
055	2	1	14	14	black_sid1009_sk11111.png	1	2	4	0.841395	12087.841716
055	2	1	15	15	white_sid1190_sk11000.png	0	2	4	1.019763	12088.791403
055	2	1	16	16	black_sid1071_sk10000.png	1	2	0	0.742767	12089.924353
055	2	1	17	17	black_sid1076_sk11100.png	1	2	4	0.757067	12090.774046
055	2	1	18	18	white_sid1110_sk11100.png	0	2	4	0.802708	12091.640431
055	2	1	19	19	black_sid1126_sk11110.png	1	2	4	0.750310	12092.556785
055	2	1	20	20	white_sid1175_sk11100.png	0	2	4	0.827923	12093.423146
055	2	1	21	21	white_sid1031_sk11110.png	0	2	4	0.782187	12094.372832
055	2	1	22	22	white_sid1021_sk11111.png	0	2	4	1.434514	12095.272523
055	2	1	23	23	black_sid1173_sk11110.png	1	2	4	0.964893	12096.821994
055	2	1	24	24	black_sid1109_sk00000.png	1	3	0	1.569987	12097.905001
055	2	1	25	25	black_sid1088_sk11111.png	1	3	6	10.311152	12099.587717
055	2	1	26	26	other_sid1074_sk11110.png	2	2	4	0.945508	12110.017484
055	2	1	27	27	black_sid1108_sk11100.png	1	2	4	0.831073	12111.083783
055	2	1	28	28	black_sid1029_sk11000.png	1	2	4	1.577423	12112.033464
055	2	1	29	29	black_sid1102_sk11100.png	1	3	6	1.077947	12113.732916
055	2	1	30	30	white_sid1198_sk11110.png	0	2	4	0.782342	12114.932489
055	2	1	31	31	black_sid1101_sk11000.png	1	2	4	1.186645	12115.832148
055	2	1	32	32	black_sid1119_sk10000.png	1	2	0	0.695087	12117.131717
055	2	1	33	33	white_sid1051_sk10000.png	0	2	0	0.854687	12117.948097
055	2	1	34	34	white_sid1176_sk11100.png	0	2	4	0.712348	12118.914444
055	2	1	35	35	black_sid1137_sk00000.png	1	3	0	1.175260	12119.747484
055	2	1	36	36	black_sid1026_sk11110.png	1	3	6	1.588332	12121.030378
055	2	1	37	37	other_sid1130_sk00000.png	2	2	0	0.760861	12122.729820
055	2	1	38	38	other_sid1045_sk11000.png	2	3	0	0.941909	12123.612840
055	2	2	01	39	other_sid1167_sk11100.png	2	2	4	5.460414	12130.694119
055	2	2	02	40	other_sid1116_sk11110.png	2	2	4	1.959315	12136.275179
055	2	2	03	41	white_sid1189_sk11100.png	0	2	4	0.725356	12138.341130
055	2	2	04	42	black_sid1050_sk00000.png	1	2	0	0.684272	12139.174179
055	2	2	05	43	other_sid1145_sk11111.png	2	2	4	1.148510	12139.973920
055	2	2	06	44	white_sid1180_sk11110.png	0	2	4	0.866335	12141.240141
055	2	2	07	45	other_sid1025_sk01100.png	2	3	6	1.347314	12142.223158
055	2	2	08	46	other_sid1047_sk01101.png	2	2	4	1.057218	12143.689305
055	2	2	09	47	other_sid1150_sk11100.png	2	3	6	1.730886	12144.855584
055	2	2	10	48	other_sid1104_sk00000.png	2	3	0	1.409410	12146.704951
055	2	2	11	49	black_sid1201_sk11110.png	1	3	6	0.829239	12148.221104
055	2	2	12	50	white_sid1097_sk11100.png	0	3	6	0.863567	12149.170779
055	2	2	13	51	white_sid1171_sk11000.png	0	2	4	0.864526	12150.153775
055	2	2	14	52	white_sid1006_sk00000.png	0	2	0	0.713611	12151.136760
055	2	2	15	53	white_sid1054_sk00000.png	0	2	0	0.832542	12151.969835
055	2	2	16	54	white_sid1185_sk00000.png	0	2	0	0.770912	12152.919496
055	2	2	17	55	white_sid1118_sk11111.png	0	2	4	0.815787	12153.802529
055	2	2	18	56	black_sid1010_sk11111.png	1	2	4	1.658778	12154.735545
055	2	2	19	57	white_sid1042_sk01111.png	0	2	4	1.268689	12156.501611
055	2	2	20	58	black_sid1073_sk11000.png	1	2	4	1.253790	12157.884474
055	2	2	21	59	black_sid1179_sk11110.png	1	3	6	2.171610	12159.350635
055	2	2	22	60	black_sid1107_sk11000.png	1	3	0	1.160997	12161.633170
055	2	2	23	61	white_sid1030_sk11100.png	0	2	4	0.670145	12162.916066
055	2	2	24	62	other_sid1090_sk11010.png	2	2	4	0.694978	12163.699140
055	2	2	25	63	black_sid1184_sk00000.png	1	2	0	1.646655	12164.515541
055	2	2	26	64	white_sid1075_sk00000.png	0	2	0	0.880509	12166.281605
055	2	2	27	65	white_sid1003_sk11110.png	0	2	4	0.793049	12167.281248
055	2	2	28	66	black_sid1002_sk00000.png	1	2	0	1.101156	12168.180955
055	2	2	29	67	black_sid1129_sk11100.png	1	2	4	0.796834	12169.397207
055	2	2	30	68	black_sid1122_sk11110.png	1	2	4	1.112595	12170.313549
055	2	2	31	69	other_sid1134_sk00000.png	2	2	0	0.799672	12171.546459
055	2	2	32	70	other_sid1044_sk11110.png	2	2	4	0.875269	12172.462826
055	2	2	33	71	white_sid1065_sk00000.png	0	2	0	0.740196	12173.445823
055	2	2	34	72	other_sid1022_sk11111.png	2	2	4	0.874529	12174.295520
055	2	2	35	73	other_sid1166_sk01110.png	2	2	4	0.907544	12175.278536
055	2	2	36	74	black_sid1049_sk11100.png	1	2	4	0.827238	12176.294837
055	2	2	37	75	other_sid1061_sk11000.png	2	2	4	0.933464	12177.244527
055	2	2	38	76	black_sid1172_sk11111.png	1	2	4	1.196345	12178.294168
