SUBJECT ID	CONDITION	BLOCK	TRIAL NUM	CUMULATIVE TRIAL NUM	STIM	PARTNER RACE	SHARED	RECEIVED	RT	START TIME
040	2	1	01	01	white_sid1020_sk11100.png	0	4	0	16.242512	5589.564047
040	2	1	02	02	white_sid1175_sk11100.png	0	2	4	10.939901	5606.274493
040	2	1	03	03	white_sid1176_sk11100.png	0	3	6	1.317565	5617.337397
040	2	1	04	04	white_sid1021_sk11111.png	0	2	4	6.156728	5618.770239
040	2	1	05	05	other_sid1116_sk11110.png	2	4	8	1.378810	5625.051555
040	2	1	06	06	black_sid1108_sk11100.png	1	3	6	2.167766	5626.550920
040	2	1	07	07	black_sid1184_sk00000.png	1	3	0	2.124772	5628.833444
040	2	1	08	08	other_sid1024_sk11000.png	2	3	0	3.739356	5631.082697
040	2	1	09	09	white_sid1065_sk00000.png	0	4	0	5.235112	5634.931392
040	2	1	10	10	white_sid1190_sk11000.png	0	2	4	2.566498	5640.279546
040	2	1	11	11	other_sid1045_sk11000.png	2	3	0	8.132489	5642.961964
040	2	1	12	12	black_sid1126_sk11110.png	1	4	8	4.605260	5651.209146
040	2	1	13	13	white_sid1112_sk00000.png	0	4	0	2.882062	5655.924204
040	2	1	14	14	black_sid1201_sk11110.png	1	4	8	3.762510	5658.923180
040	2	1	15	15	white_sid1051_sk10000.png	0	3	0	3.768569	5662.805188
040	2	1	16	16	white_sid1030_sk11100.png	0	3	6	2.566889	5666.687209
040	2	1	17	17	white_sid1110_sk11100.png	0	3	6	4.571919	5669.369613
040	2	1	18	18	white_sid1185_sk00000.png	0	4	0	2.986260	5674.051331
040	2	1	19	19	other_sid1166_sk01110.png	2	4	8	1.719222	5677.150290
040	2	1	20	20	black_sid1035_sk11100.png	1	2	4	3.070594	5678.982996
040	2	1	21	21	black_sid1119_sk10000.png	1	2	0	1.976884	5682.165251
040	2	1	22	22	black_sid1029_sk11000.png	1	2	4	3.861481	5684.264524
040	2	1	23	23	white_sid1118_sk11111.png	0	1	2	2.814840	5688.246499
040	2	1	24	24	white_sid1006_sk00000.png	0	1	0	3.643038	5691.178830
040	2	1	25	25	black_sid1137_sk00000.png	1	4	0	4.021209	5694.944197
040	2	1	26	26	white_sid1168_sk11111.png	0	2	4	2.489056	5699.076144
040	2	1	27	27	white_sid1031_sk11110.png	0	3	6	4.857894	5701.675245
040	2	1	28	28	black_sid1173_sk11110.png	1	4	8	4.637481	5706.640216
040	2	1	29	29	black_sid1172_sk11111.png	1	3	6	4.288407	5711.388592
040	2	1	30	30	white_sid1054_sk00000.png	0	5	0	7.650224	5715.787078
040	2	1	31	31	black_sid1049_sk11100.png	1	3	6	2.445819	5723.551106
040	2	1	32	32	white_sid1075_sk00000.png	0	2	0	5.272416	5726.116898
040	2	1	33	33	white_sid1097_sk11100.png	0	2	4	1.602883	5731.498392
040	2	1	34	34	other_sid1034_sk11110.png	2	3	6	1.334418	5733.214484
040	2	1	35	35	other_sid1134_sk00000.png	2	3	0	1.581496	5734.663974
040	2	1	36	36	other_sid1130_sk00000.png	2	3	0	2.433367	5736.363447
040	2	1	37	37	black_sid1129_sk11100.png	1	3	6	3.180253	5738.912528
040	2	1	38	38	other_sid1150_sk11100.png	2	4	0	3.561298	5742.211385
040	2	2	01	39	white_sid1003_sk11110.png	0	5	0	5.191367	5751.925137
040	2	2	02	40	other_sid1061_sk11000.png	2	2	4	1.756974	5757.239602
040	2	2	03	41	black_sid1073_sk11000.png	1	3	0	2.570896	5759.105629
040	2	2	04	42	white_sid1180_sk11110.png	0	4	8	2.248471	5761.788050
040	2	2	05	43	black_sid1200_sk10101.png	1	4	0	3.522763	5764.153906
040	2	2	06	44	black_sid1010_sk11111.png	1	3	6	3.434445	5767.785997
040	2	2	07	45	other_sid1025_sk01100.png	2	4	0	2.166198	5771.334771
040	2	2	08	46	other_sid1022_sk11111.png	2	3	6	4.755059	5773.617341
040	2	2	09	47	white_sid1120_sk00001.png	0	1	0	12.985680	5778.482480
040	2	2	10	48	other_sid1104_sk00000.png	2	4	0	2.522205	5791.577873
040	2	2	11	49	other_sid1090_sk11010.png	2	2	4	5.905621	5794.210309
040	2	2	12	50	black_sid1107_sk11000.png	1	4	0	2.843149	5800.224904
040	2	2	13	51	black_sid1076_sk11100.png	1	3	6	2.277443	5803.190573
040	2	2	14	52	white_sid1198_sk11110.png	0	4	8	2.286185	5805.589752
040	2	2	15	53	other_sid1057_sk10000.png	2	4	0	2.094938	5807.988935
040	2	2	16	54	black_sid1050_sk00000.png	1	2	0	1.319155	5810.204844
040	2	2	17	55	black_sid1103_sk11100.png	1	3	6	1.222209	5811.637688
040	2	2	18	56	black_sid1102_sk11100.png	1	4	0	5.697310	5812.970552
040	2	2	19	57	black_sid1009_sk11111.png	1	2	4	3.786534	5818.785247
040	2	2	20	58	black_sid1002_sk00000.png	1	2	0	7.263823	5822.683904
040	2	2	21	59	other_sid1167_sk11100.png	2	3	6	2.386979	5830.064727
040	2	2	22	60	other_sid1145_sk11111.png	2	2	4	3.791727	5832.563875
040	2	2	23	61	white_sid1039_sk11100.png	0	3	6	3.508967	5836.462533
040	2	2	24	62	white_sid1171_sk11000.png	0	1	2	4.932742	5840.094622
040	2	2	25	63	white_sid1037_sk11110.png	0	2	4	2.412513	5845.142900
040	2	2	26	64	other_sid1074_sk11110.png	2	2	4	9.239967	5847.675379
040	2	2	27	65	black_sid1101_sk11000.png	1	1	2	9.925610	5857.022188
040	2	2	28	66	white_sid1042_sk01111.png	0	1	0	2.726425	5867.068741
040	2	2	29	67	black_sid1015_sk11000.png	1	3	0	2.093324	5869.917783
040	2	2	30	68	other_sid1094_sk00000.png	2	2	0	1.541332	5872.133692
040	2	2	31	69	other_sid1044_sk11110.png	2	3	6	1.219997	5873.783115
040	2	2	32	70	white_sid1189_sk11100.png	0	1	2	4.335048	5875.116018
040	2	2	33	71	black_sid1186_sk11111.png	1	4	8	1.550545	5879.564472
040	2	2	34	72	black_sid1071_sk10000.png	1	4	0	4.500318	5881.230566
040	2	2	35	73	black_sid1122_sk11110.png	1	3	6	1.949299	5885.845664
040	2	2	36	74	other_sid1047_sk01101.png	2	2	4	1.691278	5887.911624
040	2	2	37	75	white_sid1016_sk11000.png	0	3	0	1.372496	5889.711023
040	2	2	38	76	black_sid1179_sk11110.png	1	3	6	3.329123	5891.193837
